[[Transform3D(-0.0679965, 0.80732, 0.586184, -0.894164, 0.211305, -0.394741, -0.442546, -0.550986, 0.707508, -0.102601, 0.797518, -0.0787506), Transform3D(-0.0679965, 0.80732, 0.586184, -0.894164, 0.211305, -0.394741, -0.442546, -0.550986, 0.707508, -0.161608, 0.783597, -0.0459626), Transform3D(-0.0159376, 0.916865, 0.398879, 0.568189, 0.336564, -0.750924, -0.822744, 0.214671, -0.526316, -0.116322, 0.808578, -0.0394558), Transform3D(-0.0832999, 0.994127, 0.0690795, 0.4045, 0.097084, -0.90937, -0.910736, -0.0478079, -0.410212, -0.0850628, 0.820052, -0.0321368), Transform3D(0.0262195, 0.99504, -0.0959533, 0.545463, -0.0946784, -0.83277, -0.837725, -0.0305041, -0.54524, -0.0498347, 0.823493, -0.033831), Transform3D(0.0262195, 0.99504, -0.0959533, 0.545463, -0.0946784, -0.83277, -0.837725, -0.0305041, -0.54524, -0.0240543, 0.822332, -0.0346193), Transform3D(-0.0679965, 0.80732, 0.586184, -0.894164, 0.211305, -0.394741, -0.442546, -0.550986, 0.707508, -0.121476, 0.804152, -0.0505306), Transform3D(-0.0568939, 0.931707, 0.358727, -0.853606, 0.140958, -0.501485, -0.517802, -0.334743, 0.787291, -0.0741637, 0.823921, -0.0850698), Transform3D(-0.0518193, 0.991405, -0.120132, -0.879845, -0.102229, -0.464136, -0.472427, 0.081646, 0.87758, -0.0371084, 0.829527, -0.098383), Transform3D(-0.106529, 0.952564, -0.285083, -0.886588, -0.220796, -0.406462, -0.450126, 0.209451, 0.868053, -0.0118421, 0.826922, -0.0963022), Transform3D(-0.106529, 0.952564, -0.285083, -0.886588, -0.220796, -0.406462, -0.450126, 0.209451, 0.868053, 0.0107697, 0.821906, -0.092463), Transform3D(-0.0679965, 0.80732, 0.586184, -0.894164, 0.211305, -0.394741, -0.442546, -0.550986, 0.707508, -0.126253, 0.78968, -0.0589639), Transform3D(-0.146171, 0.986586, -0.0726824, -0.91511, -0.162758, -0.368895, -0.375776, 0.0125907, 0.926625, -0.07895, 0.805356, -0.0985372), Transform3D(-0.156949, 0.701142, -0.695533, -0.922105, -0.356243, -0.15104, -0.35368, 0.617649, 0.702439, -0.0345396, 0.79803, -0.0979704), Transform3D(-0.245758, 0.413534, -0.876694, -0.930927, -0.35275, 0.0945698, -0.270146, 0.839379, 0.471661, -0.0142842, 0.787738, -0.0801271), Transform3D(-0.245758, 0.413534, -0.876694, -0.930927, -0.35275, 0.0945698, -0.270146, 0.839379, 0.471661, -0.0110111, 0.78209, -0.0648386), Transform3D(-0.0679965, 0.80732, 0.586184, -0.894164, 0.211305, -0.394741, -0.442546, -0.550986, 0.707508, -0.129539, 0.774755, -0.0685493), Transform3D(-0.205382, 0.970188, -0.128664, -0.95005, -0.22921, -0.21182, -0.234996, 0.0787329, 0.968802, -0.0837542, 0.784171, -0.100469), Transform3D(-0.225713, 0.681596, -0.696047, -0.961515, -0.27076, 0.0466602, -0.156658, 0.679791, 0.716479, -0.044081, 0.774798, -0.097249), Transform3D(-0.220368, 0.320374, -0.921303, -0.971152, -0.16029, 0.176552, -0.0911124, 0.933631, 0.346455, -0.025088, 0.767253, -0.0783063), Transform3D(-0.220368, 0.320374, -0.921303, -0.971152, -0.16029, 0.176552, -0.0911124, 0.933631, 0.346455, -0.0232319, 0.76509, -0.0627033), Transform3D(-0.0530187, 0.811862, 0.581437, -0.997502, -0.0702727, 0.00716409, 0.0466753, -0.579604, 0.81356, -0.128612, 0.765683, -0.0693336), Transform3D(-0.242583, 0.969127, -0.0441124, -0.970092, -0.242727, 0.00213745, -0.00863581, 0.0433116, 0.999024, -0.0897472, 0.762322, -0.0970786), Transform3D(-0.337279, 0.705658, -0.623128, -0.93671, -0.185537, 0.2969, 0.0938961, 0.683829, 0.723575, -0.0585276, 0.754503, -0.0956834), Transform3D(-0.277488, 0.471992, -0.836794, -0.945718, 0.0191708, 0.324422, 0.169167, 0.881394, 0.441052, -0.0434978, 0.750551, -0.0811185), Transform3D(-0.277488, 0.471992, -0.836794, -0.945718, 0.0191708, 0.324422, 0.169167, 0.881394, 0.441052, -0.0315087, 0.750822, -0.0614629)], [Transform3D(-0.329255, -0.347932, -0.877801, 0.726261, 0.500788, -0.47091, 0.603436, -0.792562, 0.0878027, 0.102822, 0.814822, -0.087481), Transform3D(-0.329255, -0.347932, -0.877801, 0.726261, 0.500788, -0.47091, 0.603436, -0.792562, 0.0878027, 0.132663, 0.782385, -0.0340987), Transform3D(-0.282048, -0.946594, 0.156235, -0.856198, 0.174874, -0.486153, 0.432868, -0.270886, -0.859794, 0.0896076, 0.809118, -0.0480405), Transform3D(-0.427934, -0.817027, 0.386445, -0.745419, 0.0772598, -0.662104, 0.5111, -0.5714, -0.642089, 0.0573346, 0.81508, -0.0572761), Transform3D(-0.253491, -0.908681, 0.331725, -0.85327, 0.048489, -0.519211, 0.455712, -0.414667, -0.787641, 0.0283823, 0.817818, -0.0775243), Transform3D(-0.253491, -0.908681, 0.331725, -0.85327, 0.048489, -0.519211, 0.455712, -0.414667, -0.787641, 0.00477159, 0.820227, -0.0876892), Transform3D(-0.329255, -0.347932, -0.877801, 0.726261, 0.500788, -0.47091, 0.603436, -0.792562, 0.0878027, 0.101157, 0.808698, -0.0539109), Transform3D(-0.384107, -0.869063, -0.311754, 0.666442, -0.0272834, -0.745057, 0.638996, -0.493948, 0.58966, 0.0827731, 0.847119, -0.0983051), Transform3D(-0.380007, -0.884993, 0.269038, 0.70271, -0.465347, -0.538192, 0.601492, -0.0154613, 0.798729, 0.0482092, 0.846034, -0.11795), Transform3D(-0.432891, -0.802449, 0.410708, 0.693047, -0.587613, -0.41761, 0.576448, 0.10386, 0.810507, 0.0256548, 0.834174, -0.118344), Transform3D(-0.432891, -0.802449, 0.410708, 0.693047, -0.587613, -0.41761, 0.576448, 0.10386, 0.810507, 0.0065295, 0.820628, -0.116958), Transform3D(-0.329255, -0.347932, -0.877801, 0.726261, 0.500788, -0.47091, 0.603436, -0.792562, 0.0878027, 0.110814, 0.796973, -0.0626978), Transform3D(-0.333505, -0.738806, -0.585611, 0.75471, 0.163026, -0.63548, 0.564966, -0.653903, 0.503215, 0.0948297, 0.832671, -0.112264), Transform3D(-0.326253, -0.941062, -0.0892233, 0.770961, -0.210284, -0.601166, 0.546972, -0.26492, 0.794128, 0.0615729, 0.840009, -0.141699), Transform3D(-0.317994, -0.943569, 0.0925011, 0.831228, -0.324394, -0.451474, 0.456004, -0.0666765, 0.887477, 0.0343865, 0.833934, -0.149352), Transform3D(-0.317994, -0.943569, 0.0925011, 0.831228, -0.324394, -0.451474, 0.456004, -0.0666765, 0.887477, 0.0195758, 0.826698, -0.1472), Transform3D(-0.329255, -0.347932, -0.877801, 0.726261, 0.500788, -0.47091, 0.603436, -0.792562, 0.0878027, 0.119614, 0.786258, -0.0719335), Transform3D(-0.292336, -0.577746, -0.762069, 0.837029, 0.230826, -0.496087, 0.462517, -0.782898, 0.416111, 0.100323, 0.812436, -0.118262), Transform3D(-0.23564, -0.955855, -0.175539, 0.877688, -0.131752, -0.460767, 0.417299, -0.262644, 0.869989, 0.076698, 0.821875, -0.150277), Transform3D(-0.17777, -0.965678, 0.189376, 0.900158, -0.237331, -0.365226, 0.397635, 0.105543, 0.911453, 0.0500626, 0.818204, -0.157596), Transform3D(-0.17777, -0.965678, 0.189376, 0.900158, -0.237331, -0.365226, 0.397635, 0.105543, 0.911453, 0.0357616, 0.813069, -0.153046), Transform3D(-0.0378902, -0.329157, -0.943515, 0.961599, 0.244834, -0.12403, 0.27183, -0.911982, 0.30724, 0.119501, 0.778111, -0.0761028), Transform3D(-0.213309, -0.384008, -0.898352, 0.926862, 0.2112, -0.310357, 0.308912, -0.898851, 0.310872, 0.103743, 0.789834, -0.119759), Transform3D(-0.149986, -0.91901, -0.364587, 0.971672, -0.0688968, -0.226066, 0.182638, -0.388166, 0.903311, 0.0913728, 0.796637, -0.148714), Transform3D(-0.0563833, -0.998075, -0.0258226, 0.976921, -0.0498141, -0.207713, 0.206026, -0.0369381, 0.977849, 0.0717988, 0.79517, -0.156982), Transform3D(-0.0563833, -0.998075, -0.0258226, 0.976921, -0.0498141, -0.207713, 0.206026, -0.0369381, 0.977849, 0.0488731, 0.794542, -0.159025)]]
